f1Measure
0.7272727272727273
0.7857142857142857
0.8571428571428571
0.8148148148148148
0.8695652173913043
0.8181818181818182
0.782608695652174
recall
0.6666666666666666
0.9166666666666666
0.8181818181818182
0.9166666666666666
0.8333333333333334
0.75
0.8181818181818182
precision
0.8
0.6875
0.9
0.7333333333333333
0.9090909090909091
0.9
0.75
Threshold
0.9
0.9
1.0
0.9
0.9
0.9
0.9
nameThreshold
0.6
0.5
0.6
0.5
0.6
0.6
0.6
nameWeight
0.5
0.5
0.5
0.5
0.5
0.5
0.5
stringWeight
0.7
0.7
0.7
0.7
0.7
0.7
0.7
doubleWeight
0.7
0.7
0.9
0.7
0.7
0.7
0.7
covWeight
0.0
0.0
0.0
0.0
0.0
0.0
0.0
divWeight
0.0
0.0
0.0
0.0
0.0
0.0
0.0
unitWeight
0.0
0.0
0.0
0.0
0.0
0.0
0.0
subTypeWeight
0.0
0.1
0.0
0.0
0.1
0.0
0.0
